%YAML:1.0
---
model_type: POLYFISHEYE
camera_name: mycamera
image_width: 1000
image_height: 1000
projection_parameters:
   k2: -9.3329250112409866e-04
   k3: -8.9839127132564835e-03
   k4: 6.0704753264409069e-03
   k5: -1.5173308363049436e-02
   k6: 1.3645660226553419e-02
   k7: -4.3322028276260912e-03
   p1: 0.
   p2: 0.
   A11: 2.4788698517179614e+02
   A12: 2.4419679170561938e-03
   A22: 2.4771306432363514e+02
   u0: 4.8653831653395116e+02
   v0: 5.0595228245797841e+02
   isFast: 0
   numDiff: 3000
   maxIncidentAngle: 120
